  0.15320888519931009       0.12855751906382332     
  0.30641777039862017       0.25613503815238259     
  0.45962665559793026       0.38273255726567779     
  0.61283554079724034       0.50835007640370888     
  0.76604442599655043       0.63298759556647588     
  0.91925331119586051       0.75664511475397878     
   1.0724621963951706       0.87932263396621768     
   1.2256710815944807        1.0010201532031924     
   1.3788799667937908        1.1217376724649031     
   1.5320888519931009        1.2414751917513498     
   1.6852977371924109        1.3602327110625323     
   1.8385066223917210        1.4780102303984508     
   1.9917155075910311        1.5948077497591053     
   2.1449243927903412        1.7106252691444956     
   2.2981332779896513        1.8254627885546220     
   2.4513421631889614        1.9393203079894843     
   2.6045510483882715        2.0521978274490826     
   2.7577599335875815        2.1640953469334168     
   2.9109688187868916        2.2750128664424869     
   3.0641777039862017        2.3849503859762931     
   3.2173865891855118        2.4939079055348348     
   3.3705954743848219        2.6018854251181125     
   3.5238043595841320        2.7088829447261262     
   3.6770132447834420        2.8149004643588760     
   3.8302221299827521        2.9199379840163617     
   3.9834310151820622        3.0239955036985831     
   4.1366399003813719        3.1270730234055404     
   4.2898487855806824        3.2291705431372337     
   4.4430576707799929        3.3302880628936631     
   4.5962665559793034        3.4304255826748284     
   4.7494754411786140        3.5295831024807294     
   4.9026843263779245        3.6277606223113663     
   5.0558932115772350        3.7249581421667393     
   5.2091020967765456        3.8211756620468482     
   5.3623109819758561        3.9164131819516932     
   5.5155198671751666        4.0106707018812742     
   5.6687287523744772        4.1039482218355907     
   5.8219376375737877        4.1962457418146437     
   5.9751465227730982        4.2875632618184323     
   6.1283554079724087        4.3779007818469564     
   6.2815642931717193        4.4672583019002170     
   6.4347731783710298        4.5556358219782132     
   6.5879820635703403        4.6430333420809458     
   6.7411909487696509        4.7294508622084139     
   6.8943998339689614        4.8148883823606177     
   7.0476087191682719        4.8993459025375579     
   7.2008176043675824        4.9828234227392336     
   7.3540264895668930        5.0653209429656458     
   7.5072353747662035        5.1468384632167936     
   7.6604442599655140        5.2273759834926778     
   7.8136531451648246        5.3069335037932976     
   7.9668620303641351        5.3855110241186530     
   8.1200709155634456        5.4631085444687448     
   8.2732798007627562        5.5397260648435722     
   8.4264886859620667        5.6153635852431361     
   8.5796975711613772        5.6900211056674355     
   8.7329064563606877        5.7636986261164704     
   8.8861153415599983        5.8363961465902419     
   9.0393242267593088        5.9081136670887489     
   9.1925331119586193        5.9788511876119923     
   9.3457419971579299        6.0486087081599713     
   9.4989508823572404        6.1173862287326859     
   9.6521597675565509        6.1851837493301369     
   9.8053686527558614        6.2520012699523235     
   9.9585775379551720        6.3178387905992466     
   10.111786423154483        6.3826963112709052     
   10.264995308353793        6.4465738319672994     
   10.418204193553104        6.5094713526884300     
   10.571413078752414        6.5713888734342962     
   10.724621963951725        6.6323263942048989     
   10.877830849151035        6.6922839150002371     
   11.031039734350346        6.7512614358203109     
   11.184248619549656        6.8092589566651212     
   11.337457504748967        6.8662764775346670     
   11.490666389948277        6.9223139984289492     
   11.643875275147588        6.9773715193479671     
   11.797084160346898        7.0314490402917205     
   11.950293045546209        7.0845465612602103     
   12.103501930745519        7.1366640822534357     
   12.256710815944830        7.1878016032713976     
   12.409919701144140        7.2379591243140950     
   12.563128586343451        7.2871366453815289     
   12.716337471542762        7.3353341664736984     
   12.869546356742072        7.3825516875906034     
   13.022755241941383        7.4287892087322449     
   13.175964127140693        7.4740467298986220     
   13.329173012340004        7.5183242510897355     
   13.482381897539314        7.5616217723055845     
   13.635590782738625        7.6039392935461692     
   13.788799667937935        7.6452768148114902     
   13.942008553137246        7.6856343361015469     
   14.095217438336556        7.7250118574163400     
   14.248426323535867        7.7634093787558687     
   14.401635208735177        7.8008269001201329     
   14.554844093934488        7.8372644215091336     
   14.708052979133798        7.8727219429228699     
   14.861261864333109        7.9071994643613426     
   15.014470749532419        7.9406969858245509     
   15.167679634731730        7.9732145073124947     
   15.320888519931041        8.0047520288251750     
   15.474097405130351        8.0353095503625909     
   15.627306290329662        8.0648870719247423     
   15.780515175528972        8.0934845935116311     
   15.933724060728283        8.1211021151232554     
   16.086932945927593        8.1477396367596153     
   16.240141831126902        8.1733971584207108     
   16.393350716326211        8.1980746801065418     
   16.546559601525519        8.2217722018171102     
   16.699768486724828        8.2444897235524142     
   16.852977371924137        8.2662272453124537     
   17.006186257123446        8.2869847670972288     
   17.159395142322754        8.3067622889067394     
   17.312604027522063        8.3255598107409874     
   17.465812912721372        8.3433773325999709     
   17.619021797920681        8.3602148544836901     
   17.772230683119989        8.3760723763921447     
   17.925439568319298        8.3909498983253350     
   18.078648453518607        8.4048474202832626     
   18.231857338717916        8.4177649422659258     
   18.385066223917224        8.4297024642733245     
   18.538275109116533        8.4406599863054588     
   18.691483994315842        8.4506375083623286     
   18.844692879515151        8.4596350304439358     
   18.997901764714459        8.4676525525502786     
   19.151110649913768        8.4746900746813569     
   19.304319535113077        8.4807475968371708     
   19.457528420312386        8.4858251190177203     
   19.610737305511694        8.4899226412230071     
   19.763946190711003        8.4930401634530295     
   19.917155075910312        8.4951776857077874     
   20.070363961109621        8.4963352079872809     
   20.223572846308929        8.4965127302915100     
   20.376781731508238        8.4957102526204764     
   20.529990616707547        8.4939277749741784     
   20.683199501906856        8.4911652973526159     
   20.836408387106164        8.4874228197557890     
   20.989617272305473        8.4827003421836977     
   21.142826157504782        8.4769978646363437     
   21.296035042704091        8.4703153871137253     
   21.449243927903400        8.4626529096158425     
   21.602452813102708        8.4540104321426952     
   21.755661698302017        8.4443879546942835     
   21.908870583501326        8.4337854772706091     
   22.062079468700635        8.4222029998716703     
   22.215288353899943        8.4096405224974671     
   22.368497239099252        8.3960980451479994     
   22.521706124298561        8.3815755678232691     
   22.674915009497870        8.3660730905232743     
   22.828123894697178        8.3495906132480151     
   22.981332779896487        8.3321281359974915     
   23.134541665095796        8.3136856587717034     
   23.287750550295105        8.2942631815706527     
   23.440959435494413        8.2738607043943375     
   23.594168320693722        8.2524782272427579     
   23.747377205893031        8.2301157501159139     
   23.900586091092340        8.2067732730138054     
   24.053794976291648        8.1824507959364343     
   24.207003861490957        8.1571483188837988     
   24.360212746690266        8.1308658418558988     
   24.513421631889575        8.1036033648527344     
   24.666630517088883        8.0753608878743055     
   24.819839402288192        8.0461384109206140     
   24.973048287487501        8.0159359339916580     
   25.126257172686810        7.9847534570874377     
   25.279466057886118        7.9525909802079529     
   25.432674943085427        7.9194485033532045     
   25.585883828284736        7.8853260265231917     
   25.739092713484045        7.8502235497179154     
   25.892301598683353        7.8141410729373746     
   26.045510483882662        7.7770785961815694     
   26.198719369081971        7.7390361194505006     
   26.351928254281280        7.7000136427441674     
   26.505137139480588        7.6600111660625707     
   26.658346024679897        7.6190286894057095     
   26.811554909879206        7.5770662127735839     
   26.964763795078515        7.5341237361661948     
   27.117972680277823        7.4902012595835412     
   27.271181565477132        7.4452987830256241     
   27.424390450676441        7.3994163064924425     
   27.577599335875750        7.3525538299839965     
   27.730808221075058        7.3047113535002870     
   27.884017106274367        7.2558888770413130     
   28.037225991473676        7.2060864006070755     
   28.190434876672985        7.1553039241975736     
   28.343643761872293        7.1035414478128072     
   28.496852647071602        7.0507989714527772     
   28.650061532270911        6.9970764951174829     
   28.803270417470220        6.9423740188069250     
   28.956479302669528        6.8866915425211026     
   29.109688187868837        6.8300290662600167     
   29.262897073068146        6.7723865900236664     
   29.416105958267455        6.7137641138120516     
   29.569314843466763        6.6541616376251733     
   29.722523728666072        6.5935791614630306     
   29.875732613865381        6.5320166853256243     
   30.028941499064690        6.4694742092129536     
   30.182150384263998        6.4059517331250184     
   30.335359269463307        6.3414492570618197     
   30.488568154662616        6.2759667810233566     
   30.641777039861925        6.2095043050096299     
   30.794985925061233        6.1420618290206388     
   30.948194810260542        6.0736393530563832     
   31.101403695459851        6.0042368771168642     
   31.254612580659160        5.9338544012020806     
   31.407821465858468        5.8624919253120336     
   31.561030351057777        5.7901494494467221     
   31.714239236257086        5.7168269736061461     
   31.867448121456395        5.6425244977903066     
   32.020657006655703        5.5672420219992027     
   32.173865891855016        5.4909795462328352     
   32.327074777054328        5.4137370704912033     
   32.480283662253640        5.3355145947743079     
   32.633492547452953        5.2563121190821480     
   32.786701432652265        5.1761296434147237     
   32.939910317851577        5.0949671677720358     
   33.093119203050890        5.0128246921540836     
   33.246328088250202        4.9297022165608677     
   33.399536973449514        4.8455997409923874     
   33.552745858648827        4.7605172654486427     
   33.705954743848139        4.6744547899296345     
   33.859163629047451        4.5874123144353618     
   34.012372514246763        4.4993898389658256     
   34.165581399446076        4.4103873635210249     
   34.318790284645388        4.3204048881009598     
   34.471999169844700        4.2294424127056311     
   34.625208055044013        4.1374999373350381     
   34.778416940243325        4.0445774619891814     
   34.931625825442637        3.9506749866680604     
   35.084834710641950        3.8557925113716753     
   35.238043595841262        3.7599300361000263     
   35.391252481040574        3.6630875608531133     
   35.544461366239887        3.5652650856309358     
   35.697670251439199        3.4664626104334944     
   35.850879136638511        3.3666801352607889     
   36.004088021837823        3.2659176601128195     
   36.157296907037136        3.1641751849895861     
   36.310505792236448        3.0614527098910882     
   36.463714677435760        2.9577502348173264     
   36.616923562635073        2.8530677597683005     
   36.770132447834385        2.7474052847440107     
   36.923341333033697        2.6407628097444569     
   37.076550218233010        2.5331403347696386     
   37.229759103432322        2.4245378598195564     
   37.382967988631634        2.3149553848942102     
   37.536176873830946        2.2043929099935999     
   37.689385759030259        2.0928504351177257     
   37.842594644229571        1.9803279602665873     
   37.995803529428883        1.8668254854401849     
   38.149012414628196        1.7523430106385183     
   38.302221299827508        1.6368805358615877     
   38.455430185026820        1.5204380611093931     
   38.608639070226133        1.4030155863819342     
   38.761847955425445        1.2846131116792114     
   38.915056840624757        1.1652306370012244     
   39.068265725824070        1.0448681623479734     
   39.221474611023382       0.92352568771945831     
   39.374683496222694       0.80120321311567921     
   39.527892381422006       0.67790073853663602     
   39.681101266621319       0.55361826398232872     
   39.834310151820631       0.42835578945275737     
   39.987519037019943       0.30211331494792193     
   40.140727922219256       0.17489084046782244     
   40.293936807418568        4.6688366012458876E-002
   40.447145692617880       -8.2494108418168760E-002
